Delay (fs), DeltaE / E (Data), T (Data), Delta_n (data), DeltaE / E (Fit), T (Fit), Delta_n (fit),,,,,,
298.87343,0.00056000244,0.9672232,3.424264e-07,0,1,0
293.5364,0.00036000244,1.18984,2.2013179e-07,0,1,0
288.19938,0.00032000244,0.99639677,1.9567287e-07,0,1,0
282.86235,0.00060000244,1.0655157,3.6688532e-07,0,1,0
277.52533,0,0.95375847,0,0,1,0
272.1883,0,0.98742029,0,0,1,0
266.85128,0.00036000244,0.95555377,2.2013179e-07,2.6923482e-16,1,1.6462984e-19
261.51425,0.00056000244,0.89181722,3.424264e-07,9.0866859e-16,1,5.5562636e-19
256.17723,0.00036000244,0.76883939,2.2013179e-07,2.7596575e-15,1,1.6874562e-18
250.8402,0.0010400049,0.8599507,6.3593497e-07,9.5914995e-15,1,5.8649435e-18
245.50317,0.00032000244,1.0282633,1.9567287e-07,2.7731252e-14,1,1.6956914e-17
240.16615,0.00016000122,1.1952259,9.7836435e-08,8.9352372e-14,1,5.4636568e-17
234.82912,0.00056000244,1.1323905,3.424264e-07,2.4742729e-13,1,1.5129512e-16
229.4921,0.00040000244,0.99908971,2.4459071e-07,7.5591083e-13,1,4.622191e-16
224.15507,0.00024000122,1.011208,1.4675428e-07,2.0073508e-12,1,1.2274409e-15
218.81805,0.00044000244,0.9061796,2.6904964e-07,5.8217677e-12,1,3.5598541e-15
213.48102,0.00024000122,1.0058221,1.4675428e-07,1.482732e-11,1,9.0665066e-15
208.144,0.00040000244,0.97395556,2.4459071e-07,4.0831455e-11,1,2.4967335e-14
202.80697,0.00052000244,0.99729442,3.1796748e-07,9.9721656e-11,1,6.0977105e-14
197.46994,0.00032000244,0.85905305,1.9567287e-07,2.608341e-10,1,1.5949303e-13
192.13292,0.00036000244,1.0094127,2.2013179e-07,6.1077e-10,1,3.734694e-13
186.79589,0.00056000244,0.94119139,3.424264e-07,1.5178102e-09,1,9.2810002e-13
181.45887,0.00032000244,0.87072248,1.9567287e-07,3.4070339e-09,1,2.0833094e-12
176.12184,0.00032000244,0.8042965,1.9567287e-07,8.0464447e-09,1,4.9201841e-12
170.78482,0.00048000244,0.99594795,2.9350856e-07,1.731144e-08,1,1.0585479e-11
165.44779,0.00088000488,0.92234077,5.3809927e-07,3.8866214e-08,1,2.3765643e-11
160.11077,0.0010400049,1.0242239,6.3593497e-07,8.0130127e-08,1,4.8997414e-11
154.77374,0.00060000244,1.1189258,3.6688532e-07,1.7106886e-07,1,1.04604e-10
149.43671,0.00060000244,1.0210821,3.6688532e-07,3.3792004e-07,1,2.06629e-10
144.09969,0.0012000049,1.0592322,7.3377066e-07,6.8619898e-07,1,4.1959219e-10
138.76266,0.0013600098,1.1054611,8.3160935e-07,1.2984828e-06,1,7.9398726e-10
133.42564,0.0021600098,1.0502557,1.3207878e-06,2.508767e-06,1,1.5340434e-09
128.08861,0.0024800098,0.85411599,1.5164592e-06,4.5468854e-06,1,2.7802979e-09
122.75159,0.0025600195,1.1575247,1.5653829e-06,8.3608987e-06,1,5.1124642e-09
117.41456,0.0033600195,0.86443894,2.0545614e-06,1.4511035e-05,1,8.8731071e-09
112.07754,0.0032800195,1.0682086,2.0056435e-06,2.5402662e-05,1,1.5533043e-08
106.74051,0.0041600195,1.0260192,2.5437398e-06,4.2212426e-05,1,2.5811761e-08
101.40348,0.0050000195,1.1153352,3.0573772e-06,7.0370456e-05,1,4.3029638e-08
96.066459,0.0062000391,0.98517616,3.7911568e-06,0.00011194123,1,6.8449049e-08
90.729434,0.0077600391,0.95690024,4.7450548e-06,0.00017776052,1,1.0869577e-07
85.392408,0.0076000391,1.0367909,4.6472191e-06,0.00027064299,1,1.654909e-07
80.055383,0.010360078,0.82314712,6.3349085e-06,0.00040950872,1,2.5040354e-07
74.718357,0.0092400391,1.0354445,5.6500349e-06,0.00059663359,1,3.6482537e-07
69.381332,0.011360078,0.96991614,6.9463816e-06,0.00086043857,1,5.26135e-07
64.044306,0.013320078,0.92682902,8.1448688e-06,0.0011994101,1,7.3340694e-07
58.707281,0.013360078,1.097831,8.1693277e-06,0.001649107,1,1.0083845e-06
53.370255,0.013760078,1.0722481,8.4139169e-06,0.0021989661,1,1.3446085e-06
48.03323,0.015040078,1.0466651,9.1966024e-06,0.0028833013,1,1.763061e-06
42.696204,0.016520078,1.1588711,1.0101583e-05,0.0036770392,1,2.2484104e-06
37.359179,0.017560078,0.87745485,1.0737515e-05,0.004599168,1,2.8122673e-06
32.022153,0.017680078,1.085264,1.0810891e-05,0.00560842,1,3.4293977e-06
26.685128,0.018800078,1.0282633,1.1495741e-05,0.0066934152,1,4.092843e-06
21.348102,0.019400078,0.80519415,1.1862625e-05,0.0078032228,1,4.7714605e-06
16.011077,0.019960078,0.94253786,1.220505e-05,0.0088883547,1,5.4349894e-06
10.674051,0.020760156,0.8895731,1.2694276e-05,0.0099042551,1,6.0561851e-06
5.3370255,0.022760156,1.0857128,1.3917222e-05,0.010770112,1,6.5856333e-06
0,0.023120156,1.1400205,1.4137352e-05,0.011468353,1,7.0125889e-06
-5.3370255,0.021480156,0.98293204,1.3134537e-05,0.01190853,1,7.2817453e-06
-10.674051,0.021240156,1.1117446,1.2987783e-05,0.012114971,1,7.4079785e-06
-16.011077,0.020280078,1.1027681,1.2400721e-05,0.01201552,1,7.3471666e-06
-21.348102,0.018560078,1.0664133,1.1348988e-05,0.011675886,1,7.1394899e-06
-26.685128,0.018800078,1.2481872,1.1495741e-05,0.01106303,1,6.7647446e-06
-32.022153,0.016760078,1.1050122,1.0248336e-05,0.010265988,1,6.277375e-06
-37.359179,0.015280078,1.0538463,9.343356e-06,0.0092949416,1,5.6836063e-06
-42.696204,0.014160078,1.0664133,8.6585061e-06,0.0082346597,1,5.0352725e-06
-48.03323,0.011240078,1.0071686,6.8730048e-06,0.0071260306,1,4.3573757e-06
-53.370255,0.0084000391,1.0125544,5.1363976e-06,0.0060257169,1,3.6845635e-06
-58.707281,0.0068000391,1.0780828,4.1580407e-06,0.0049849204,1,3.0481445e-06
-64.044306,0.0051600391,1.0125544,3.1552249e-06,0.00402224,1,2.4594914e-06
-69.381332,0.0029600195,1.1485482,1.8099722e-06,0.0031816581,1,1.9454982e-06
-74.718357,0.0019600098,1.0314051,1.1984932e-06,0.0024490395,1,1.4975217e-06
-80.055383,0.0013600098,0.92772666,8.3160935e-07,0.0018526924,1,1.1328715e-06
-85.392408,0.00092000488,0.97754615,5.6255819e-07,0.0013600642,1,8.3164264e-07
-90.729434,0.00072000488,1.0022315,4.4026358e-07,0.00098417584,1,6.0179701e-07
-96.066459,0.00044000244,0.95375847,2.6904964e-07,0.00068884524,1,4.212103e-07
-101.40348,0,0.94747493,0,0.0004768948,1,2.9160832e-07
-106.74051,0.00024000122,0.83257242,1.4675428e-07,0.00031815694,1,1.9454439e-07
-112.07754,0.00024000122,0.94612846,1.4675428e-07,0.0002107704,1,1.2888042e-07
-117.41456,0,1.0139009,0,0.00013399061,1,8.1931647e-08
-122.75159,0.00060000244,0.84065126,3.6688532e-07,8.4954989e-05,1,5.1947686e-08
-128.08861,0.00016000122,0.9802391,9.7836435e-08,5.1448611e-05,1,3.1459439e-08
-133.42564,0.00052000244,0.9340102,3.1796748e-07,3.1225695e-05,1,1.9093671e-08
-138.76266,0.00016000122,0.90079371,9.7836435e-08,1.8009036e-05,1,1.101204e-08
-144.09969,0.0010000049,0.97171144,6.1147605e-07,1.0464769e-05,1,6.3989241e-09
-149.43671,0.00028000122,0.87162013,1.712132e-07,5.7461197e-06,1,3.5135974e-09
-154.77374,0.00072000488,1.0780828,4.4026358e-07,3.1973537e-06,1,1.9550956e-09
-160.11077,0.00040000244,0.95151435,2.4459071e-07,1.6709933e-06,1,1.0217674e-09
-165.44779,0.00084000488,1.0260192,5.1364035e-07,8.905199e-07,1,5.4452893e-10
-170.78482,0.00056000244,1.0094127,3.424264e-07,4.4283263e-07,1,2.7078022e-10
-176.12184,0.00076000488,0.88059662,4.6472251e-07,2.2606621e-07,1,1.3823339e-10
-181.45887,0.00048000244,1.0601298,2.9350856e-07,1.0693381e-07,1,6.5387143e-11
-186.79589,0.00016000122,0.94927023,9.7836435e-08,5.2301023e-08,1,3.1980666e-11
-192.13292,0.0010000049,0.87700602,6.1147605e-07,2.3525561e-08,1,1.4385247e-11
-197.46994,0.00072000488,1.0471139,4.4026358e-07,1.1025505e-08,1,6.741799e-12
-202.80697,0.00064000488,0.93625432,3.9134574e-07,4.7144561e-09,1,2.8827628e-12
-208.144,0,0.91021901,0,2.1173661e-09,1,1.2947123e-12
-213.48102,8.000061e-05,1.18221,4.8918217e-08,8.6029615e-10,1,5.2604791e-13
-218.81805,0.00056000244,1.1027681,3.424264e-07,3.7026426e-10,1,2.2640662e-13
-224.15507,0.00048000244,1.000885,2.9350856e-07,1.428596e-10,1,8.7354794e-14
-229.4921,0.00032000244,1.123414,1.9567287e-07,5.8906149e-11,1,3.6019523e-14
-234.82912,0.00048000244,1.0197356,2.9350856e-07,2.1560342e-11,1,1.3183568e-14
